Lat,Long
13.828557,100.626816
13.85458,100.64068
13.724241,100.549108
14.508577,100.909527
13.75524306,100.712429
13.83453402,100.6108772
13.78872592,100.3430192
13.653927,100.255392
7.21383,100.59402
13.711261,102.482764
6.877698,101.233914
14.3509972,100.6066789
13.73375293,100.6496771
13.66279,101.120007
17.4458731,102.7920677
17.416241,102.787606
14.2013,100.6073
12.950256,100.888611
15.1210056,104.3072771
13.42516,101.04027
17.398837,104.721011
13.5472474,99.442559
13.8972838,100.2102926
13.767382,100.6443066
16.872236,99.132146
13.784556,100.573813
16.422453,102.834854
16.574413,103.79634
15.813,105.2417
12.69026378,100.9783013
13.767282,100.570531
14.6517569,101.2001538
13.858299,100.645168
15.1002594,104.5785416
13.752513,100.490103
14.34355,100.59461
13.0106157,101.202471
13.731627,100.216484
13.7448249,100.5068246
13.768613,100.605431
8.414723,99.966332
14.198493,100.651851
12.598568,102.115561
13.6486998,100.5979724
13.7222316,100.5065202
17.2696729,102.8795677
13.6844689,100.4212708
13.72061848,100.4892305
14.80132,100.11042
13.344715,100.976102
13.753933,100.494441
13.417808,100.993247
13.8451,100.543057
13.4255414,101.0046982
12.9190598,100.8844531
17.6369,103.753833
13.91133,100.621268
13.1246924,100.9991157
12.9720333,99.8894025
13.678597,100.471065
13.844108,100.567038
7.006165,100.473203
13.821255,100.63389
13.527368,99.783672
12.945695,100.889337
12.683924,101.248548
13.66607683,101.1857235
13.84053519,100.5343364
13.8273163,100.677251
14.04882245,99.50799644
16.81480023,100.2368
14.44119994,100.8987916
12.737,100.98969
14.122223,100.617344
13.31583333,100.9594444
13.13134,101.35407
13.903048,100.450308
13.84222,100.02643
13.957182,100.403989
13.5916974,101.0147452
13.647329,100.383298
5.948,101.8886
13.6633777,100.651745
13.81333,100.71168
12.82399,99.937322
16.63465591,102.3881188
13.84195476,100.6183341
18.78306861,100.7749321
14.78762152,101.9346285
15.741,100.097849
13.63707424,100.3698074
14.25419451,101.0922848
12.71854472,101.0414536
18.721668,99.037
15.63770407,103.3547242
14.73691,103.6576561
13.79306547,99.92500543
7.14886567,100.289504
17.0284901,99.09248287
12.78272,101.25335
14.151729,100.617412
16.21194611,99.33559695
13.2281135,100.9378177
13.6411748,100.4324317
17.69707694,102.8937611
13.79220701,100.598868
9.11394869,99.34460446
13.934315,100.740553
16.47349378,99.50830318
12.696659,101.196049
6.48865,101.13145
19.18073806,100.918025
6.020212,101.941311
13.737292,100.626564
15.1969397,104.8623575
17.8976696,102.7711216
8.16792,99.67932
13.53896598,99.80690718
13.758429,100.566424
13.744131,100.543281
13.7377257,100.558721
13.6938281,100.6014187
13.747749,100.520339
13.743779,100.532703
13.718199,100.569512
13.744513,100.53125
13.686125,100.61148
13.742415,100.530051
13.724768,100.559899
13.8530485,100.7066091
13.693127,100.533692
13.713509,100.565604
13.70556146,100.6015229
13.7386131,100.5530711
18.8024448,98.9672687
18.582631,98.994698
15.1710756,102.2496308
18.591308,99.041477
19.9006718,99.829197
20.441863,99.881787
18.7880429,98.99433199
18.7897175,98.9878621
18.603,99.022131
13.626975,100.314319
7.84793,98.35029
13.88792,100.419325
16.827251,100.206894
18.769539,98.975436
18.791,99.000649
18.7305416,98.9515474
19.886,99.834
13.8124635,100.72257
18.769409,98.968777
19.551014,99.741001
18.794,100.78887
18.2354173,99.4851605
19.0327238,99.9273969
19.18975456,99.8778129
18.286439,99.506091
18.7920015,98.9581798
18.288839,99.500644
20.29,100.088
18.579468,99.007629
12.647334,99.862319
18.58334146,99.05653055
18.74371723,99.12108167
19.8244749,99.7636639
18.796534,98.975989
14.484461,100.336576
13.7121055,100.6085313
14.07075752,100.6059989
13.987002,100.612738
14.037242,100.781844
13.9889722,100.6060833
13.98648,100.616974
14.04235,100.662844
13.974743,100.617292
13.9752,100.6188
14.065601,100.6470109
13.967413,100.64312
14.00553653,100.6141273
14.111319,100.598439
13.8808845,100.5868416
13.96492,100.74671
13.966093,100.59865
14.035683,100.731736
14.0188,100.6054
14.098398,100.618024
14.016981,100.68764
13.9896748,100.512215
14.124096,100.603
13.992953,100.613287
13.89551,100.561649
13.9913,100.68585
14.005182,100.520445
14.114226,100.618332
13.8700137,100.5576578
13.895123,100.556641
14.038109,100.411143
13.985398,100.624964
14.049418,100.613385
13.978846,100.550245
13.9931,100.65814
13.993214,100.615247
13.961604,100.513689
13.886675,100.581236
14.134492,100.614608
13.964385,100.586561
14.045805,100.733898
13.99823,100.675427
13.952484,100.665016
14.12088,100.61725
13.889165,100.578587
14.000221,100.684862
16.2461423,103.2512267
13.94315294,100.6851841
13.855022,100.542314
17.332497,104.325259
14.9729913,103.064447
13.911528,100.508148
13.897197,101.59956
13.75157832,100.4798091
13.791877,100.51678
16.202847,103.276822
16.057893,102.716572
13.524866,99.818305
17.64772417,100.0580167
13.868778,100.57502
13.874478,100.579405
14.368739,100.842359
14.92646,101.965738
13.801937,100.606661
13.7270827,100.7726635
14.635329,100.888407
13.970226,100.646622
15.2173288,102.4965747
14.076225,100.603504
14.977788,103.073128
13.72899,100.53512
13.88488,100.45088
13.79028,100.70283
13.7316,100.56837
14.00567,100.55717
13.815832,99.872081
13.5404214,99.822926
13.80491,100.03344
13.6864316,100.4803415
13.7935808,100.70397
13.9526617,100.8617419
16.40296,103.434333
14.138156,100.8239
13.681943,100.358185
13.018143,101.151936
17.4308746,102.786804
13.92472436,100.6027966
15.005041,103.102688
13.71081946,100.4126004
17.878899,102.749
14.6822,100.8598
9.13372415,99.31603485
18.79417142,99.02830177
13.80176098,100.310537
12.68257705,101.2698302
7.1918662,100.5950193
13.91083283,100.622396
12.69452434,100.9915011
16.98954195,100.3272311
17.66586756,100.0341016
16.675949,100.276807
14.5812,100.49638
15.15221,102.25875
12.6181183,102.0958772
13.76987809,100.5138275
13.76351751,100.4967544
10.50799203,99.09397768
16.983,102.294
13.29436,101.126
6.26521924,101.2610642
6.3914458,101.5150535
13.7900417,100.5283114
13.7836842,100.5640134
14.35108865,100.5694948
11.7696638,99.79469495
17.6177723,100.0879198
13.94115528,100.5699437
13.7615664,100.5361761
16.59151507,104.4264464
15.316769,99.724819
14.185209,100.626842
12.996732,101.448521
15.0074499,102.137483
13.103049,100.908827
12.6654452,102.091129
12.660951,101.318848
8.398436,99.976743
13.311178,101.107648
14.58053514,100.4614898
13.753656,100.499069
16.43983,102.82441
12.6584805,100.890192
7.891722,98.367979
7.563648,99.626348
13.6611903,100.6016545
13.749622,101.346236
13.742287,100.487445
15.107699,104.141773
16.807927,100.257067
13.80716,100.530933
13.816287,100.57495
12.800197,99.985822
17.826224,103.091483
14.775167,100.692372
16.540349,104.722485
13.9921049,99.9967539
13.731044,100.775515
13.922168,100.64366
12.664947,100.900093
15.5766,101.0644
13.767129,100.73225
13.686563,102.505553
18.1903707,103.7412665
13.051427,99.941503
16.430118,102.841669
13.727394,100.541286
13.90581,100.521199
13.7830608,100.4977335
14.679278,101.400028
13.760011,100.56609
17.7420795,103.3595574
6.416155,101.814162
6.997994,100.478455
14.988378,102.094152
13.787257,100.275822
15.787234,102.03078
13.8271552,100.0792871
13.721735,100.7834502
13.747943,100.599033
13.731423,100.570732
13.753702,100.531583
13.733566,100.631515
13.727428,100.539596
13.70667907,100.7356435
13.763665,100.527228
17.53845,101.722835
16.6987164,103.7452751
16.542055,102.100613
12.889633,100.87539
13.7664383,100.4680077
13.903931,100.528191
12.662906,101.314396
13.76042168,100.4787119
12.742349,100.896264
13.7243061,100.5792939
13.694883,100.832107
13.662323,100.660504
13.907244,100.673765
14.3609106,100.6674748
13.666352,100.479993
13.800109,100.511332
13.787082,100.290438
13.7345359,100.5030422
14.3431776,100.6099615
16.425981,102.83002
12.859064,99.92158
12.609132,102.118084
13.652156,100.44349
13.73155,100.56844
9.570806,100.081
13.82297,100.559217
13.6656119,100.4438141
16.055245,103.656976
13.8731906,100.4817164
13.375506,100.990251
13.7532235,100.57
8.4612301,99.8611493
13.761614,100.536996
15.1865961,100.1264974
13.66568239,100.6478059
13.77195,100.63208
17.8476038,102.577021
12.954452,100.904866
14.2078,101.2172
14.798735,100.622208
16.84062886,100.2323317
12.682318,101.275804
12.574298,101.463497
13.768884,100.5272796
8.09701002,98.98240662
13.12240519,99.88699257
13.8453707,100.6364457
13.683668,100.701899
13.0838909,101.1543401
14.529465,100.914073
12.71891686,101.1989365
13.079397,99.948066
13.7596296,100.6182365
13.794675,100.575324
13.7442052,100.5126733
7.8956,98.3541
13.654833,100.64242
13.708936,100.618566
13.0257271,101.1087069
17.158177,104.143099
16.709807,98.572332
17.404085,102.788992
14.978227,102.0712114
17.010933,99.796026
13.928652,100.483133
13.94344,100.35781
17.303375,101.953475
14.96056754,102.08143
7.201991,100.600094
13.75557225,100.5256315
14.535293,100.894944
15.68872543,100.1065156
13.818448,100.514001
14.301579,100.633038
13.372677,100.996915
13.776597,100.478038
14.5950502,101.4460298
13.83268,100.571167
13.67016,100.61102
17.490906,101.731861
13.672246,101.061014
12.942642,100.895067
13.742969,100.494798
14.95064573,102.0446428
13.68131977,100.507286
16.427894,102.860912
16.7479777,100.19624
13.880782,100.496675
13.5487208,100.2807627
13.720451,100.456879
13.6512471,100.4868888
13.810091,100.496077
16.789556,100.221254
14.16838,100.93355
13.80739,100.55924
14.4280093,100.146485
7.191645,100.594531
13.845553,100.439692
13.6734528,100.4254665
13.8755484,100.5981461
13.69806441,100.4867599
7.908771,98.385399
13.7558,100.4865
14.4661394,100.1167417
13.771959,100.636888
13.831511,100.538775
13.8099388,100.5691115
12.713405,101.240869
12.68533033,101.2710924
13.909897,100.425505
13.75238734,100.5336598
13.856877,100.53721
13.7217025,100.517648
13.756173,100.506517
13.76672,100.646587
13.85401,100.585501
13.744325,100.551145
13.006395,100.063526
17.44458655,102.8749734
13.655127,101.43865
7.77213,98.320851
7.869288,98.393018
13.81992,100.56365
13.089649,100.91758
8.160697,99.675676
8.1080136,98.9376464
16.417076,101.153619
15.235448,104.846929
14.3460742,100.8668621
14.5127044,101.3748755
13.75914505,100.5768241
12.560851,99.955319
13.692875,101.054709
13.848627,100.575796
13.67371,101.067202
13.751278,100.656557
13.769049,100.652588
13.922304,100.621915
13.779152,100.457671
13.819386,100.557601
13.831671,100.598786
13.6041788,100.5552354
12.934629,100.883772
7.00599641,100.4620333
12.377082,102.383125
13.75614,100.53918
13.832903,100.414288
13.784678,100.256282
12.931117,100.909513
13.767138,100.623192
13.645723,100.681279
13.87243,100.532067
13.7782463,100.4863158
13.729653,100.451883
14.348722,99.871893
13.810067,100.505141
13.8207723,100.5592531
13.7788956,100.6382305
12.690653,100.980703
13.824075,100.479301
13.663305,100.439461
13.915373,101.574548
13.770252,100.705409
16.7034199,103.0775204
13.7564269,100.4892679
15.668839,102.499391
13.75388,100.501299
12.854755,101.094003
13.615441,101.327346
13.8225089,99.8492009
12.392281,99.91904
13.590983,100.824239
13.8015173,100.325839
13.9025771,100.5381484
6.994597,100.48199
13.7053,100.490828
13.6727271,100.6068527
13.905908,100.514688
13.27265203,100.991166
16.710015,98.572
16.250297,103.260375
13.72,100.4532
13.8541564,100.5186
13.577698,100.365185
13.69282247,100.7506711
13.6550348,100.6459713
13.59504,100.60111
13.532541,100.957489
13.787179,100.670392
13.7328557,100.468413
12.724359,101.151085
13.590957,100.105263
13.945888,100.579305
13.62523,100.50709
13.632033,100.711078
14.928335,102.104613
8.800689,99.363587
13.793612,100.608725
14.32172112,100.3881086
13.737422,100.561503
17.4121483,102.800116
13.8125867,100.0723983
13.71984587,100.7250693
13.602785,100.704941
13.816167,100.687381
13.179777,100.93115
12.612113,102.100624
13.79885243,100.5745998
13.67495,100.64629
13.6469789,100.4310767
12.570624,99.953947
13.812584,100.619274
12.7154515,101.1649889
12.778528,101.651472
14.354369,100.579898
14.943929,103.786717
9.9591359,98.6255524
13.781182,100.536139
15.382651,100.028464
6.941244,100.403865
13.661101,100.60716
15.0464239,102.13287
12.947782,100.974555
14.9771376,102.080292
13.791016,100.600223
13.742687,100.482176
13.7722829,100.551541
13.7537296,100.51575
14.004614,99.544818
13.880527,100.458925
13.631612,100.399898
13.786779,100.629799
13.167099,100.93525
13.686475,100.444671
13.0893871,99.9502947
14.01752,100.02244
13.40662,99.998032
13.771033,100.483484
12.973432,100.906431
13.637882,100.446865
13.7096836,100.3978652
15.243683,105.233962
13.634194,100.557778
13.872463,100.602052
13.886713,100.407905
13.867183,100.495714
13.5570055,100.2724069
15.00307,103.107386
14.218517,100.579161
13.714638,100.538177
8.190474,99.618736
13.533848,99.808281
7.981202,98.361823
13.830254,100.04169
13.8159467,100.4075959
13.7191,100.5078
13.730808,100.586076
17.8728355,102.7466952
13.8113861,99.8764357
15.013676,102.4103324
13.088696,100.946008
15.8643146,104.6234099
13.66266291,100.433642
13.944819,100.545204
14.9650263,102.0884378
13.768306,100.539505
13.877904,100.548782
13.8061854,100.0377284
13.344732,100.97689
12.6106549,102.1085506
13.806701,100.559096
9.12287,99.326852
13.798158,100.553804
13.7240404,100.4853126
14.59613,100.45582
7.023256,100.470133
13.7553643,100.6457438
13.9209412,100.68414
13.744933,100.643799
13.878479,100.459135
13.824667,100.53752
14.31105,100.645326
13.688795,100.432389
13.71399,100.5039252
13.621018,100.438588
13.6906528,100.6398213
14.8536669,102.6921386
13.1685465,100.9282476
13.7573097,100.5337179
13.912601,100.449597
7.8495868,98.352015
13.767955,100.574698
13.196114,100.936594
16.181708,103.29911
18.133745,100.155504
16.435196,100.358191
16.8153189,100.258783
13.8143593,100.5211338
12.667988,100.862277
13.8752199,100.4237519
13.7614589,100.5267155
9.953374,99.077881
13.777932,100.509338
15.118876,104.358578
12.78447,101.684162
13.935377,100.563448
7.0018395,100.4995825
13.6880457,100.382316
13.6708066,100.620897
13.71142,100.29088
13.750089,100.539484
18.063701,100.118774
12.6201003,102.0031935
13.723319,100.530498
15.197478,104.865369
13.8197631,100.0557434
14.87616,103.531912
13.71317225,100.4784395
13.774693,100.630044
13.7481096,100.4565231
17.414123,104.776766
13.5951087,100.5965317
13.7517455,100.5395879
13.709848,100.484673
13.658951,100.534387
13.769226,100.642649
13.739307,100.471104
12.7543279,100.9015625
17.6191525,100.0872
13.0094918,101.1294535
13.7757378,100.6816005
13.763956,100.532665
13.73893,100.50459
13.8714,100.46279
15.966712,102.692205
13.716134,100.541456
9.14607989,99.32722015
9.445497,100.024277
14.995323,102.075995
14.767958,100.708795
13.939568,100.553813
13.4152833,101.0625981
13.801995,100.549185
13.8042245,100.5215008
13.78799,100.502364
13.8414364,100.496501
13.748298,100.606889
14.541465,100.951157
13.612,100.511
13.847023,100.415638
13.782814,100.470918
12.92441944,100.7759736
16.436435,102.850791
13.692471,100.64815
10.50068,99.178871
13.6124559,100.7572
13.7952321,100.5605913
13.629233,101.317069
13.7502,100.5154
13.799274,100.548476
13.7320476,100.513921
14.9589957,102.0660801
13.638661,100.744094
13.67099,100.684675
13.844842,100.633025
13.769544,100.346965
13.802046,100.618668
13.155327,100.98177
13.667555,100.639071
17.187745,104.525907
13.9134623,100.4513126
17.2060569,102.4387617
9.133427,99.316237
12.7968854,99.9740653
13.8165506,102.0698161
13.576244,100.835727
9.7122263,99.9870678
16.3362,103.5758
13.74288,100.57148
14.073772,101.817164
14.360278,100.578178
13.646173,100.59519
16.03102,103.94147
13.482213,101.001867
13.8118203,102.0770891
13.661036,100.384643
12.5545809,101.9204932
13.75348,100.54163
13.778203,100.647537
13.425419,99.956183
13.889968,100.642431
13.76374,100.535623
13.8778554,100.407601
13.836746,100.472041
14.919134,102.159454
12.970448,101.219617
13.282433,101.443931
13.6261111,100.6656389
13.778849,100.558145
13.120948,99.945453
13.756,100.566
13.690757,100.453687
13.537453,101.00967
13.127057,100.9171
13.770407,100.504432
13.8616,100.5039
13.602928,100.707637
13.7118364,100.6398412
13.764409,100.535323
13.727757,100.532511
13.749044,100.57761
13.8305305,100.052115
7.0072407,100.4771689
15.23951279,104.8231747
6.873186,99.782605
14.463693,100.140131
14.6124682,100.7328312
13.779335,100.573462
13.643783,99.852922
13.822305,100.059669
13.8587618,100.409395
16.4486536,102.83017
12.7313758,101.069675
13.6786077,100.6148175
13.866432,100.482894
14.6402764,101.2741214
13.530067,99.804424
13.1185694,99.9384598
12.92957543,100.8779291
13.9512492,100.6176521
13.783074,100.546659
13.5954304,100.6086664
13.826604,100.528573
13.70948,100.60124
13.885111,100.46567
13.405629,100.000027
13.758042,100.535426
13.9242091,100.5980312
9.523276,100.0581832
13.652,100.49708
12.698538,101.19928
13.3959004,101.024271
13.821328,100.067971
13.737801,100.560576
13.7444518,100.3997976
13.706585,100.281222
13.7850965,100.5125434
